201903010301 1.3 0 A
201903010302 1.3 0 D
201903010303 1.4 0 B
201903010304 1.4 1 C
201903010305 3.1 1 A
201903010306 4.5 0 B
201903010307 3.1 1 D
201903010308 3.4 0 B
201903010309 3.1 1 A
201903010310 3.4 2 D
201903010311 3.5 1 D
201903010312 3.1 1 D
201903010313 2.3 2 C
201903010314 1.3 1 A
201903010315 4.7 0 B
201903010316 1.3 0 24
201903010317 2.1 0 15
201903010318 1.3 1 9
201903010319 3.1 2 1440
201903010320 1.2 2 18
201903010401 2.1 0 B
201903010402 1.4 1 A
201903010403 2.7 0 A
201903010404 3.1 0 C
201903010405 2.6 1 C
201903010406 2.2 0 B
201903010407 1.4 1 A
201903010408 1.5 1 A
201903010409 2.7 1 C
201903010410 2.6 1 B
201903010411 2.7 0 B
201903010412 1.3 0 B
201903010413 1.5 1 C
201903010414 2.4 1 B
201903010415 3.2 1 D
201903010416 1.3 0 B
201903010417 1.3 1 A
201903010418 4.4 0 C
201903010419 3.1 1 D
201903010420 2.4 1 B
201903010421 2.2 2 A
201903010422 3.4 1 C
201903010423 1.4 1 D
201903010424 3.2 1 D
201903010425 3.1 2 A
201903010426 2.1 1 C
201903010427 2.9 1 D
201903010428 4.7 1 B
201903010429 2.8 2 D
201903010430 1.3 2 A
201903010431 2.4 1 4
201903010432 1.4 0 135
201903010433 1.3 0 2
201903010434 3.2 2 3200
201903010435 4.6 1 8
201903010436 2.1 2 55
201903010437 2.1 1 5625
201903010438 2.2 2 200





